namespace Music {
   
    raw_t Song_MainTheme = "music/TheGambler.bin"

    raw_t SFX_Death = "music/SFX_Death.bin"
    raw_t SFX_Victory = "music/SFX_Victory.bin"
    raw_t SFX_XPGain = "music/SFX_XPGain.bin"
    raw_t SFX_Three_Inc = "music/SFX_ThreeInc.bin"
    raw_t SFX_Three_Dec = "music/SFX_ThreeDec.bin"
    raw_t SFX_PlayerBlip = "music/SFX_PlayerBlip.bin"
    raw_t SFX_EnemyBlip = "music/SFX_EnemyBlip.bin"
    raw_t SFX_Explosion = "music/SFX_Explosion.bin"
    raw_t SFX_DoubleBeep = "music/SFX_DoubleBeep.bin"
    raw_t SFX_DoubleBeepDown = "music/SFX_DoubleBeepDown.bin"
    raw_t SFX_Bet1 = "music/SFX_Bet1.bin"
    raw_t SFX_Bet2 = "music/SFX_Bet2.bin"
    raw_t SFX_Bet3 = "music/SFX_Bet3.bin"
    raw_t SFX_Bet4 = "music/SFX_Bet4.bin"
    raw_t SFX_Bet5 = "music/SFX_Bet5.bin"
    raw_t SFX_Bet6 = "music/SFX_Bet6.bin"
    raw_t SFX_Click = "music/SFX_Click.bin"
    raw_t SFX_SmallBlind = "music/SFX_SmallBlind.bin"
    raw_t SFX_BigBlind = "music/SFX_BigBlind.bin"
    
};
namespace_end   

namespace Constants
 
    uint8_t temp_Count = 12;

    uint8_t temp_6x5_00 = {
        61, 51, 52, 61, 61, 61,
        62, 61, 61, 62, 62, 62,
        61, 62, 62, 61, 51, 52,
        62, 51, 52, 62, 61, 61,
        51, 52, 51, 52, 62, 62,
    };

    uint8_t temp_6x5_01 = {
        61, 51, 52, 51, 52, 61,
        62, 51, 52, 51, 52, 62,
        61, 61, 51, 52, 61, 61,
        62, 62, 61, 61, 62, 62,
        51, 52, 62, 62, 51, 52,
    };

    uint8_t temp_6x5_02 = {
        51, 52, 61, 61, 51, 52,
        51, 52, 62, 62, 51, 52,
        61, 61, 51, 52, 51, 52,
        62, 62, 61, 61, 61, 61,
        51, 52, 62, 62, 62, 62,
    };

    uint8_t temp_6x5_03 = {
        51, 52, 61, 61, 51, 52,
        61, 61, 62, 62, 61, 61,
        62, 62, 61, 61, 62, 62,
        51, 52, 62, 62, 61, 61,
        51, 52, 51, 52, 62, 62,
    };

    uint8_t temp_6x5_04 = {
        51, 52, 51, 52, 51, 52,
        51, 52, 61, 51, 52, 61,
        61, 61, 62, 51, 52, 62,
        62, 62, 51, 52, 51, 52,
        51, 52, 51, 52, 51, 52,
    };

    uint8_t temp_6x5_05 = {
        61, 51, 52, 61, 51, 52,
        62, 51, 52, 62, 51, 52,
        61, 61, 51, 52, 51, 52,
        62, 62, 61, 51, 52, 61,
        51, 52, 62, 51, 52, 62,
    };

    uint8_t temp_6x5_06 = {
        61, 51, 52, 61, 61, 61,
        62, 51, 52, 62, 62, 62,
        61, 51, 52, 51, 52, 61,
        62, 51, 52, 51, 52, 62,
        51, 52, 51, 52, 51, 52,
    };

    uint8_t temp_6x5_07 = {
        51, 52, 51, 52, 51, 52,
        51, 52, 51, 52, 51, 52,
        61, 61, 61, 61, 61, 61,
        62, 62, 62, 62, 62, 62,
        51, 52, 51, 52, 51, 52,
    };

    uint8_t temp_6x5_08 = {
        61, 61, 51, 52, 51, 52,
        62, 62, 61, 61, 51, 52,
        51, 52, 62, 62, 51, 52,
        61, 51, 52, 51, 52, 61,
        62, 51, 52, 51, 52, 62,
    };

    uint8_t temp_6x5_09 = {
        61, 51, 52, 61, 51, 52,
        62, 51, 52, 62, 61, 61,
        51, 52, 51, 52, 62, 62,
        61, 61, 61, 61, 61, 61,
        62, 62, 62, 62, 62, 62,
    };

    uint8_t temp_6x5_10 = {
        61, 51, 52, 51, 52, 61,
        62, 61, 61, 51, 52, 62,
        61, 62, 62, 51, 52, 61,
        62, 51, 52, 51, 52, 62,
        51, 52, 51, 52, 51, 52,
    };

    uint8_t temp_6x5_11 = {
        61, 51, 52, 61, 51, 52,
        62, 51, 52, 62, 51, 52,
        51, 52, 61, 51, 52, 61,
        51, 52, 62, 51, 52, 62,
        51, 52, 51, 52, 51, 52,
    };

    uint8_t temp_8x7_00 = {
        51, 52, 51, 52, 61, 51, 52, 61,
        51, 52, 61, 61, 62, 51, 52, 62,
        61, 61, 62, 62, 51, 52, 51, 52,
        62, 62, 61, 61, 61, 61, 51, 52,
        51, 52, 62, 62, 62, 62, 51, 52,
        51, 52, 51, 52, 61, 51, 52, 61,
        51, 52, 51, 52, 62, 51, 52, 62,
    };

    uint8_t temp_8x7_01 = {
        61, 61, 61, 61, 51, 52, 61, 61,
        62, 62, 62, 62, 61, 61, 62, 62,
        51, 52, 51, 52, 62, 62, 61, 61,
        61, 51, 52, 61, 61, 61, 62, 62,
        62, 61, 61, 62, 62, 62, 61, 61,
        61, 62, 62, 61, 61, 61, 62, 62,
        62, 51, 52, 62, 62, 62, 51, 52,
    };

    uint8_t temp_8x7_02 = {
        61, 51, 52, 51, 52, 61, 61, 61,
        62, 61, 61, 51, 52, 62, 62, 62,
        61, 62, 62, 51, 52, 61, 61, 61,
        62, 61, 61, 51, 52, 62, 62, 62,
        61, 62, 62, 61, 51, 52, 51, 52,
        62, 51, 52, 62, 61, 51, 52, 61,
        51, 52, 51, 52, 62, 51, 52, 62,
    };

    uint8_t temp_8x7_03 = {
        51, 52, 51, 52, 51, 52, 61, 61,
        61, 61, 61, 51, 52, 61, 62, 62,
        62, 62, 62, 61, 61, 62, 51, 52,
        61, 61, 61, 62, 62, 61, 51, 52,
        62, 62, 62, 61, 61, 62, 51, 52,
        61, 51, 52, 62, 62, 61, 61, 61,
        62, 51, 52, 51, 52, 62, 62, 62,
    };

    uint8_t temp_8x7_04 = {
        61, 51, 52, 61, 51, 52, 51, 52,
        62, 51, 52, 62, 51, 52, 51, 52,
        51, 52, 61, 51, 52, 61, 51, 52,
        61, 61, 62, 51, 52, 62, 61, 61,
        62, 62, 51, 52, 51, 52, 62, 62,
        61, 51, 52, 51, 52, 61, 51, 52,
        62, 51, 52, 51, 52, 62, 51, 52,
    };

    uint8_t temp_8x7_05 = {
        51, 52, 51, 52, 51, 52, 61, 61,
        61, 51, 52, 51, 52, 61, 62, 62,
        62, 61, 51, 52, 61, 62, 61, 61,
        61, 62, 51, 52, 62, 61, 62, 62,
        62, 61, 61, 51, 52, 62, 61, 61,
        61, 62, 62, 61, 51, 52, 62, 62,
        62, 51, 52, 62, 51, 52, 51, 52,
    };

    uint8_t temp_8x7_06 = {
        51, 52, 61, 51, 52, 51, 52, 61,
        51, 52, 62, 61, 51, 52, 61, 62,
        51, 52, 61, 62, 51, 52, 62, 61,
        51, 52, 62, 61, 61, 61, 61, 62,
        61, 61, 61, 62, 62, 62, 62, 61,
        62, 62, 62, 51, 52, 51, 52, 62,
        51, 52, 51, 52, 51, 52, 51, 52,
    };

    uint8_t temp_8x7_07 = {
        51, 52, 51, 52, 51, 52, 61, 61,
        61, 51, 52, 51, 52, 61, 62, 62,
        62, 51, 52, 51, 52, 62, 51, 52,
        51, 52, 61, 61, 51, 52, 51, 52,
        61, 61, 62, 62, 51, 52, 51, 52,
        62, 62, 51, 52, 51, 52, 61, 61,
        51, 52, 51, 52, 51, 52, 62, 62,
    };

    uint8_t temp_8x7_08 = {
        51, 52, 61, 61, 61, 61, 61, 61,
        51, 52, 62, 62, 62, 62, 62, 62,
        51, 52, 51, 52, 51, 52, 51, 52,
        51, 52, 61, 51, 52, 61, 51, 52,
        51, 52, 62, 61, 61, 62, 61, 61,
        61, 51, 52, 62, 62, 61, 62, 62,
        62, 51, 52, 51, 52, 62, 51, 52,       
    };

    uint8_t temp_8x7_09 = {
        51, 52, 51, 52, 51, 52, 61, 61,
        61, 61, 51, 52, 61, 61, 62, 62,
        62, 62, 51, 52, 62, 62, 51, 52,
        61, 61, 61, 61, 51, 52, 51, 52,
        62, 62, 62, 62, 61, 61, 51, 52,
        51, 52, 61, 61, 62, 62, 51, 52,
        51, 52, 62, 62, 51, 52, 51, 52,
    };

    uint8_t temp_8x7_10 = {
        51, 52, 51, 52, 61, 61, 51, 52,
        61, 61, 51, 52, 62, 62, 51, 52,
        62, 62, 61, 61, 51, 52, 51, 52,
        51, 52, 62, 62, 51, 52, 51, 52,
        51, 52, 51, 52, 51, 52, 51, 52,
        61, 51, 52, 51, 52, 51, 52, 61,
        62, 51, 52, 51, 52, 51, 52, 62,
    };

    uint8_t temp_8x7_11 = {
        61, 51, 52, 61, 51, 52, 51, 52,
        62, 51, 52, 62, 61, 61, 51, 52,
        51, 52, 51, 52, 62, 62, 51, 52,
        51, 52, 51, 52, 61, 61, 61, 61,
        61, 61, 51, 52, 62, 62, 62, 62,
        62, 62, 61, 51, 52, 61, 61, 61,
        51, 52, 62, 51, 52, 62, 62, 62,
    };

    uint24_t temp_Levels[] = {
        temp_6x5_00,
        temp_6x5_01,
        temp_6x5_02,
        temp_6x5_03,
        temp_6x5_04,
        temp_6x5_05,
        temp_6x5_06,
        temp_6x5_07,
        temp_6x5_08,
        temp_6x5_09,
        temp_6x5_10,
        temp_6x5_11,
        temp_8x7_00,
        temp_8x7_01,
        temp_8x7_02,
        temp_8x7_03,
        temp_8x7_04,
        temp_8x7_05,
        temp_8x7_06,
        temp_8x7_07,
        temp_8x7_08,
        temp_8x7_09,
        temp_8x7_10,
        temp_8x7_11,
    };

namespace_end 

namespace Images

    include "images/Images.hpp"

namespace_end

savesection  // Anything below here will be stored in the save block

uint16_t 0xFFFF // Save state  end marker
